,adongCd,adongNm,bizesId,bizesNm,bldMngNo,bldMnno,bldNm,bldSlno,brchNm,ctprvnCd,ctprvnNm,dongNo,flrNo,hoNo,indsLclsCd,indsLclsNm,indsMclsCd,indsMclsNm,indsSclsCd,indsSclsNm,ksicCd,ksicNm,lat,ldongCd,ldongNm,lnoAdr,lnoCd,lnoMnno,lnoSlno,lon,newZipcd,oldZipcd,plotSctCd,plotSctNm,rdnm,rdnmAdr,rdnmCd,signguCd,signguNm
0,4211067500,강남동,26298178,약수터붕어찜,4211012700107020001009200,45,,,,42,강원도,,1,,Q,음식,Q01,한식,Q01A01,한식/백반/한정식,I56111,한식 음식점업,37.8532132258141,4211012700,송암동,강원도 춘천시 송암동 702-1,4211012700207020001,702,1,127.687710393437,24239,200210,1,대지,강원도 춘천시 송암길,강원도 춘천시 송암길 45,421104454431,42110,춘천시
1,1111070000,숭인1동,26298196,엄마네곱창,1111017500100720062002670,26,,,,11,서울특별시,,,,Q,음식,Q01,한식,Q01A01,한식/백반/한정식,I56111,한식 음식점업,37.5744561128128,1111017500,숭인동,서울특별시 종로구 숭인동 72-62,1111070000200720062,72,62,127.016487167112,03113,110550,1,대지,서울특별시 종로구 종로57길,서울특별시 종로구 종로57길 26,111104100357,11110,종로구
2,4311431000,북이면,26298197,어머니청국장,4371043036100020003000001,26,옥수LPG충전소,,,43,충청북도,,,,Q,음식,Q01,한식,Q01A01,한식/백반/한정식,I56111,한식 음식점업,36.7732109359256,4311431036,북이면,충청북도 청주시 청원구 북이면 옥수리 2-3,4311431036200020003,2,3,127.567072647195,28135,363922,1,대지,충청북도 청주시 청원구 북이면 중앙로,충청북도 청주시 청원구 북이면 중앙로 26,431143244026,43114,청주시 청원구
3,4161052000,송정동,26298200,어시장,4161010300102160010007735,254,,,,41,경기도,,,,Q,음식,Q01,한식,Q01A01,한식/백반/한정식,I56111,한식 음식점업,37.4221296999008,4161010300,송정동,경기도 광주시 송정동 216-10,4161010300202160010,216,10,127.256620943016,12739,464903,1,대지,경기도 광주시 중앙로,경기도 광주시 중앙로 254,416103211038,41610,광주시
4,1126054000,면목4동,26298205,엔돌핀,1126010100103980008023701,213,삼쳔리자전거,,,11,서울특별시,,1,,Q,음식,Q01,한식,Q01A01,한식/백반/한정식,I56111,한식 음식점업,37.5722385501581,1126010100,면목동,서울특별시 중랑구 면목동 398-8,1126010100203980008,398,8,127.083545080227,02246,131200,1,대지,서울특별시 중랑구 면목로,서울특별시 중랑구 면목로 213,112603005027,11260,중랑구
5,4824053000,동서금동,26298206,에덴실비식당,4824010400100880004000209,15,경남아파트,,,48,경상남도,다,,18,Q,음식,Q09,유흥주점,Q09A01,호프/맥주,I56219,기타 주점업,34.9321396786184,4824010400,동금동,경상남도 사천시 동금동 88-4,4824010400200880004,88,4,128.078504120496,52566,664831,1,대지,경상남도 사천시 동금2길,경상남도 사천시 동금2길 15,482404802169,48240,사천시
6,4777031000,강구면,26298211,엔조이가요주점,4777031033101340005024196,75,,,,47,경상북도,,,,Q,음식,Q09,유흥주점,Q09A07,기타일반유흥주점,I56211,일반유흥 주점업,36.3490802468568,4777031033,강구면,경상북도 영덕군 강구면 삼사리 134-5,4777031000201340005,134,5,129.384215659043,36460,766824,1,대지,경상북도 영덕군 강구면 해상공원길,경상북도 영덕군 강구면 해상공원길 75,477704754357,47770,영덕군
7,4128555100,백석1동,26298212,양평해장국,4128510600112790000004174,6,,3,,41,경기도,,1,,Q,음식,Q01,한식,Q01A05,해장국/감자탕,I56111,한식 음식점업,37.6465131754035,4128510600,백석동,경기도 고양시 일산동구 백석동 1279,4128510600212790000,1279,,126.786332683294,10446,410360,1,대지,경기도 고양시 일산동구 백석로72번길,경기도 고양시 일산동구 백석로72번길 6-3,412854379103,41285,고양시 일산동구
8,3114057000,삼산동,26298223,얼큰이수제비,3114010600115580006005851,20,,,,31,울산광역시,,,,Q,음식,Q04,분식,Q04A01,라면김밥분식,I56194,분식 및 김밥 전문점,35.5420060663104,3114010600,삼산동,울산광역시 남구 삼산동 1558-6,3114057000215580006,1558,6,129.34373197404,44713,680817,1,대지,울산광역시 남구 삼산로331번길,울산광역시 남구 삼산로331번길 20,311404310424,31140,남구
9,4128555100,백석1동,26298235,엄니한식뷔페,4128510600112390000001846,41,윈스턴파크,,,41,경기도,,,107,Q,음식,Q01,한식,Q01A01,한식/백반/한정식,I56111,한식 음식점업,37.6445377593406,4128510600,백석동,경기도 고양시 일산동구 백석동 1239,4128510600212390000,1239,,126.791384561356,10450,410360,1,대지,경기도 고양시 일산동구 강송로,경기도 고양시 일산동구 강송로 41,412853193003,41285,고양시 일산동구
10,4511366000,동산동,26298238,양푼이동태찌개,4511312800107010000012614,6,,,,45,전라북도,,,106,Q,음식,Q03,일식/수산물,Q03A08,매운탕전문,I56111,한식 음식점업,35.8708251405602,4511312800,동산동,전라북도 전주시 덕진구 동산동 701,4511312800207010000,701,,127.077051949714,54848,561320,1,대지,전라북도 전주시 덕진구 편운로,전라북도 전주시 덕진구 편운로 6,451133267072,45113,전주시 덕진구
11,4812965000,웅동2동,26298245,어촌해물낙지,4812916400112360003002068,31,,21,,48,경상남도,,1,,Q,음식,Q03,일식/수산물,Q03A13,낙지/오징어,I56111,한식 음식점업,35.0998523783675,4812916400,용원동,경상남도 창원시 진해구 용원동 1236-3,4812916400212360003,1236,3,128.819699876736,51604,645510,1,대지,경상남도 창원시 진해구 용원중로26번길,경상남도 창원시 진해구 용원중로26번길 31-21,481294793304,48129,창원시 진해구
12,4136025300,진접읍,26298260,엄지호프포차,4136025326107970014023493,83,,,,41,경기도,,,,Q,음식,Q09,유흥주점,Q09A01,호프/맥주,I56219,기타 주점업,37.7452999331715,4136025326,진접읍,경기도 남양주시 진접읍 팔야리 797-14,4136025300207970014,797,14,127.203791575036,12019,472868,1,대지,경기도 남양주시 진접읍 광릉내로,경기도 남양주시 진접읍 광릉내로 83,413603197006,41360,남양주시
13,4111367000,권선1동,26298266,에이스,4111313700110180007021966,17,,,,41,경기도,,2,,Q,음식,Q09,유흥주점,Q09A10,룸살롱/단란주점,I56211,일반유흥 주점업,37.2601734756666,4111313700,권선동,경기도 수원시 권선구 권선동 1018-7,4111313700210180007,1018,7,127.026338058467,16571,441822,1,대지,경기도 수원시 권선구 권선로683번길,경기도 수원시 권선구 권선로683번길 17,411134325121,41113,수원시 권선구
14,4148051000,금촌1동,26298268,에스와이텍,4148010200100020000031993,35,,,,41,경기도,,1,16,Q,음식,Q04,분식,Q04A01,라면김밥분식,I56194,분식 및 김밥 전문점,37.7625583709637,4148010200,아동동,경기도 파주시 아동동 2,4148010200200020000,2,,126.79733156866,10944,413803,1,대지,경기도 파주시 통일로576번길,경기도 파주시 통일로576번길 35,414804418802,41480,파주시
15,4413359000,부성2동,26298279,얼큰이찌개마을두정점,4413310400106450000049817,29,CJ프라자,,두정점,44,충청남도,,1,,Q,음식,Q01,한식,Q01A01,한식/백반/한정식,I56111,한식 음식점업,36.8267385686823,4413310400,두정동,충청남도 천안시 서북구 두정동 645,4413310400206450000,645,,127.13048111948,31099,331958,1,대지,충청남도 천안시 서북구 늘푸른4길,충청남도 천안시 서북구 늘푸른4길 29,441334550073,44133,천안시 서북구
16,4131057000,수택1동,26298280,어묵&우동,4131010500103700018003649,172,,,,41,경기도,,3,18,Q,음식,Q04,분식,Q04A04,우동전문점,I56194,분식 및 김밥 전문점,37.6000360101228,4131010500,수택동,경기도 구리시 수택동 370-18,4131010500203700018,370,18,127.13613620111,11927,471030,1,대지,경기도 구리시 체육관로,경기도 구리시 체육관로 172,413103196013,41310,구리시
17,4511355000,인후2동,26298284,어울림상회,4511310400115820004000717,77,,,,45,전라북도,,1,,Q,음식,Q01,한식,Q01A01,한식/백반/한정식,I56111,한식 음식점업,35.8427704176815,4511310400,인후동2가,전라북도 전주시 덕진구 인후동2가 1582-4,4511310400215820004,1582,4,127.152052746153,54918,561832,1,대지,전라북도 전주시 덕진구 심방죽로,전라북도 전주시 덕진구 심방죽로 77,451133267042,45113,전주시 덕진구
18,4415057000,신관동,26298286,어우동,4415012000105940002758376,14,,,,44,충청남도,,,,Q,음식,Q04,분식,Q04A01,라면김밥분식,I56194,분식 및 김밥 전문점,36.4705482319477,4415012000,신관동,충청남도 공주시 신관동 594-2,4415057000205940002,594,2,127.129879025368,32573,314802,1,대지,충청남도 공주시 전막2길,충청남도 공주시 전막2길 14,441504554044,44150,공주시
19,4812753000,석전1동,26298287,엔돌핀노래주점,4812710400100220005020228,584,신일빌딩,,,48,경상남도,,,,Q,음식,Q09,유흥주점,Q09A07,기타일반유흥주점,I56211,일반유흥 주점업,35.2260879684343,4812710400,석전동,경상남도 창원시 마산회원구 석전동 22-5,4812753000200220005,22,5,128.573433924296,51322,630010,1,대지,경상남도 창원시 마산회원구 315대로,경상남도 창원시 마산회원구 315대로 584,481272019003,48127,창원시 마산회원구
20,4611075700,하당동,26298289,엘티이에이,4611015800108590003042722,5,,,,46,전라남도,,2,,Q,음식,Q09,유흥주점,Q09A01,호프/맥주,I56219,기타 주점업,34.8079126106496,4611015800,상동,전라남도 목포시 상동 859-3,4611015800208590003,859,3,126.424066579175,58662,530822,1,대지,전라남도 목포시 비파로108번길,전라남도 목포시 비파로108번길 5,461104643265,46110,목포시
21,2823759200,청천2동,26298291,어람촌,2823710400101790019006966,42,,,,28,인천광역시,,,,Q,음식,Q01,한식,Q01A01,한식/백반/한정식,I56111,한식 음식점업,37.5130983273785,2823710400,청천동,인천광역시 부평구 청천동 179-19,2823710400201790019,179,19,126.70487232921,21312,403030,1,대지,인천광역시 부평구 세월천로,인천광역시 부평구 세월천로 42,282373154035,28237,부평구
22,1168065500,도곡1동,26298296,언주맛집,1168011800109020002000716,16,,,,11,서울특별시,,1,110,Q,음식,Q01,한식,Q01A01,한식/백반/한정식,I56111,한식 음식점업,37.4863673189678,1168011800,도곡동,서울특별시 강남구 도곡동 902-2,1168011800209020002,902,2,127.038109779218,06269,135270,1,대지,서울특별시 강남구 남부순환로363길,서울특별시 강남구 남부순환로363길 16,116804166093,11680,강남구
23,2917060100,운암1동,26298300,에스,2917010900103590003020974,24,,,,29,광주광역시,,2,,Q,음식,Q09,유흥주점,Q09A01,호프/맥주,I56219,기타 주점업,35.178130805054,2917010900,운암동,광주광역시 북구 운암동 359-3,2917010900203590003,359,3,126.874840577984,61257,500170,1,대지,광주광역시 북구 황계로55번길,광주광역시 북구 황계로55번길 24,291704286809,29170,북구
24,4115055500,호원2동,26298305,엘리,4115010200103440001015255,23,,,,41,경기도,2,1,,Q,음식,Q01,한식,Q01A01,한식/백반/한정식,I56111,한식 음식점업,37.7287900974864,4115010200,호원동,경기도 의정부시 호원동 344-1,4115010200203440001,344,1,127.045635052865,11632,480020,1,대지,경기도 의정부시 백석로68번길,경기도 의정부시 백석로68번길 23,411504343137,41150,의정부시
25,4128151000,주교동,26298314,양평해장국,4128110100105750020010150,97,나라블루빌,18,,41,경기도,,1,3,Q,음식,Q01,한식,Q01A05,해장국/감자탕,I56111,한식 음식점업,37.6615734506144,4128110100,주교동,경기도 고양시 덕양구 주교동 575-20,4128110100205750020,575,20,126.835015711624,10298,412811,1,대지,경기도 고양시 덕양구 마상로,경기도 고양시 덕양구 마상로 97-18,412813192024,41281,고양시 덕양구
26,2826053000,연희동,26298319,양지참숯갈비,2826010700102600005013509,18,,2,,28,인천광역시,,1,,Q,음식,Q01,한식,Q01A02,갈비/삼겹살,I56111,한식 음식점업,37.5405476427001,2826010700,심곡동,인천광역시 서구 심곡동 260-5,2826010700202600005,260,5,126.675192712219,22730,404833,1,대지,인천광역시 서구 심곡로56번길,인천광역시 서구 심곡로56번길 18-2,282604268474,28260,서구
27,1121584000,자양3동,26298322,어테이블,1121510500105530314012049,51,대종리버빌,,,11,서울특별시,4,,101,Q,음식,Q01,한식,Q01A01,한식/백반/한정식,I56111,한식 음식점업,37.5323066884856,1121510500,자양동,서울특별시 광진구 자양동 553-314,1121510500205530314,553,314,127.070060519557,05090,143190,1,대지,서울특별시 광진구 능동로4길,서울특별시 광진구 능동로4길 51,112154112166,11215,광진구
28,2814060500,송림3.5동,26298348,엄니밥줘,2814010700100930031128550,15,,,,28,인천광역시,,1,,Q,음식,Q01,한식,Q01A01,한식/백반/한정식,I56111,한식 음식점업,37.4701645289798,2814010700,송림동,인천광역시 동구 송림동 93-31,2814010700200930031,93,31,126.648581229714,22560,401070,1,대지,인천광역시 동구 새천년로,인천광역시 동구 새천년로 15,281403008006,28140,동구
29,4687037000,법성면,26298357,어수굴비수산,4687037027106920002000001,46,,,,46,전라남도,,1,,Q,음식,Q03,일식/수산물,Q03A02,음식점-일식,I56113,일식 음식점업,35.3323103110529,4687037027,법성면,전라남도 영광군 법성면 신장리 692-2,4687037027206920002,692,2,126.479470945182,57021,513874,1,대지,전라남도 영광군 법성면 신장길1길,전라남도 영광군 법성면 신장길1길 46,468704694231,46870,영광군
30,4115051000,의정부1동,26298370,에브리또버거,4115010100101980016012695,56,,,,41,경기도,1,1,,Q,음식,Q07,패스트푸드,Q07A04,패스트푸드,I56199,그외 기타 음식점업,37.7410288732772,4115010100,의정부동,경기도 의정부시 의정부동 198-16,4115010100201980016,198,16,127.04822371245,11695,480010,1,대지,경기도 의정부시 호국로1298번길,경기도 의정부시 호국로1298번길 56,411504343459,41150,의정부시
31,4113566500,구미1동,26298375,에릭스뮤직,4113511400100350009029587,14,,,,41,경기도,,2,,Q,음식,Q09,유흥주점,Q09A01,호프/맥주,I56219,기타 주점업,37.3485665751869,4113511400,구미동,경기도 성남시 분당구 구미동 35-9,4113511400200350009,35,9,127.110605308627,13627,463808,1,대지,경기도 성남시 분당구 성남대로144번길,경기도 성남시 분당구 성남대로144번길 14,411354340259,41135,성남시 분당구
32,2726068000,고산2동,26298376,엘리치,2726012700105040000016732,180,대구스타디움,,,27,대구광역시,D,,4,Q,음식,Q04,분식,Q04A01,라면김밥분식,I56194,분식 및 김밥 전문점,35.8297825739339,2726012700,대흥동,대구광역시 수성구 대흥동 504,2726012700205040000,504,,128.690173866859,42250,706130,1,대지,대구광역시 수성구 유니버시아드로,대구광역시 수성구 유니버시아드로 180,272603146023,27260,수성구
33,5011065000,연동,26298395,양촌뚝배기,5011013700102510023009156,10,,,,50,제주특별자치도,,1,,Q,음식,Q01,한식,Q01A01,한식/백반/한정식,I56111,한식 음식점업,33.4890790099883,5011013700,연동,제주특별자치도 제주시 연동 251-23,5011013700202510023,251,23,126.486625663395,63129,690813,1,대지,제주특별자치도 제주시 연동1길,제주특별자치도 제주시 연동1길 10,501104848254,50110,제주시
34,4812965000,웅동2동,26298398,얼큰이통닭,4812916400112000020031500,8,티바치킨,,,48,경상남도,,1,,Q,음식,Q05,닭/오리요리,Q05A08,후라이드/양념치킨,I56193,치킨 전문점,35.1026623541677,4812916400,용원동,경상남도 창원시 진해구 용원동 1200-20,4812916400212000020,1200,20,128.81202798533,51605,645510,1,대지,경상남도 창원시 진해구 용재로17번길,경상남도 창원시 진해구 용재로17번길 8,481294793310,48129,창원시 진해구
35,4117156000,안양6동,26298405,엑스포,4117110100105100036010007,9,,,,41,경기도,6,1,,Q,음식,Q09,유흥주점,Q09A06,관광/유흥주점,I56211,일반유흥 주점업,37.3879817301371,4117110100,안양동,경기도 안양시 만안구 안양동 510-36,4117110100205100036,510,36,126.931263321041,14034,430010,1,대지,경기도 안양시 만안구 안양로148번길,경기도 안양시 만안구 안양로148번길 9,411714346180,41171,안양시 만안구
36,1120057000,행당2동,26298415,엄마손분식,1120010700103470000017341,79,행당동대림아파트,,,11,서울특별시,,3,,Q,음식,Q04,분식,Q04A01,라면김밥분식,I56194,분식 및 김밥 전문점,37.5572827914657,1120010700,행당동,서울특별시 성동구 행당동 347,1120010700203470000,347,,127.02852915838,04713,133775,1,대지,서울특별시 성동구 행당로,서울특별시 성동구 행당로 79,112003103006,11200,성동구
37,2824564000,작전서운동,26298424,에스알에스코리아,2824510300108990002000001,738,메카브,,,28,인천광역시,899,1,2,Q,음식,Q07,패스트푸드,Q07A04,패스트푸드,I56199,그외 기타 음식점업,37.5337196483372,2824510300,작전동,인천광역시 계양구 작전동 899-1,2824510300208990001,899,1,126.734498816175,21079,407060,1,대지,인천광역시 계양구 장제로,인천광역시 계양구 장제로 738,282453154050,28245,계양구
38,4113565500,삼평동,26298438,양평해장국,4113510900106820000000001,670,유스페이스2,,,41,경기도,2,1,,Q,음식,Q01,한식,Q01A01,한식/백반/한정식,I56111,한식 음식점업,37.40206570525,4113510900,삼평동,경기도 성남시 분당구 삼평동 682,4113510900206820000,682,,127.106099242447,13494,463400,1,대지,경기도 성남시 분당구 대왕판교로,경기도 성남시 분당구 대왕판교로 670,411353180005,41135,성남시 분당구
39,4122064000,세교동,26298443,엔제리너스,4122012000104390003206473,284,평택성모병원,,평택성모병원점,41,경기도,,,,Q,음식,Q12,커피점/카페,Q12A01,커피전문점/카페/다방,I56220,비알콜 음료점업,37.0084001027868,4122012000,세교동,경기도 평택시 세교동 439-3,4122012000204390003,439,3,127.07433562972,17825,450818,1,대지,경기도 평택시 평택로,경기도 평택시 평택로 284,412203188122,41220,평택시
40,4611075000,이로동,26298449,어린시절,4611015900101480007000001,1,전명종실용음악아카데미,,,46,전라남도,,1,,Q,음식,Q01,한식,Q01A01,한식/백반/한정식,I56111,한식 음식점업,34.8006087525106,4611015900,용해동,전라남도 목포시 용해동 148-7,4611015900201480007,148,7,126.409311508887,58668,530840,1,대지,전라남도 목포시 삼학로334번길,전라남도 목포시 삼학로334번길 1,461104643358,46110,목포시
41,4519039000,덕과면,26298451,엄지식당,4519039024105120001000683,300,덕과농협,,,45,전라북도,,1,,Q,음식,Q01,한식,Q01A01,한식/백반/한정식,I56111,한식 음식점업,35.513945796169,4519039024,덕과면,전라북도 남원시 덕과면 고정리 513-2,4519039024205130002,513,2,127.352817209971,55700,590911,1,대지,전라북도 남원시 덕과면 덕오로,전라북도 남원시 덕과면 덕오로 300,451903016015,45190,남원시
42,4111757000,영통1동,26298479,양푼매운해물갈비찜,4111710500110260003000952,48,수원새문안교회,,,41,경기도,,1,3,Q,음식,Q01,한식,Q01A02,갈비/삼겹살,I56111,한식 음식점업,37.2517338504445,4111710500,영통동,경기도 수원시 영통구 영통동 1026-3,4111710500210260003,1026,3,127.080903502669,16710,443470,1,대지,경기도 수원시 영통구 청명로,경기도 수원시 영통구 청명로 48,411173177014,41117,수원시 영통구
43,1162058500,낙성대동,26298496,엔제리너스서울대입구,1162010100108560006030179,158,BS타워,,,11,서울특별시,,1,,Q,음식,Q12,커피점/카페,Q12A01,커피전문점/카페/다방,I56220,비알콜 음료점업,37.4792984699941,1162010100,봉천동,서울특별시 관악구 봉천동 856-6,1162010100208560006,856,6,126.952791670408,08788,151050,1,대지,서울특별시 관악구 관악로,서울특별시 관악구 관악로 158,116203120001,11620,관악구
44,4812352000,중앙동,26298499,양평해장국,4812311100104560017026814,726,내동상가아파트,,,48,경상남도,,1,38,Q,음식,Q01,한식,Q01A01,한식/백반/한정식,I56111,한식 음식점업,35.2171077366157,4812311100,내동,경상남도 창원시 성산구 내동 456-17,4812311100204560017,456,17,128.67036145465,51527,642050,1,대지,경상남도 창원시 성산구 창원대로,경상남도 창원시 성산구 창원대로 726,481232019002,48123,창원시 성산구
45,3011051500,중앙동,26298509,엄마야떡볶이,3011011900100270040021488,3,,,,30,대전광역시,,,,Q,음식,Q04,분식,Q04A03,떡볶이전문,I56194,분식 및 김밥 전문점,36.3321972057211,3011011900,정동,대전광역시 동구 정동 27-40,3011011900200270040,27,40,127.431805958884,34627,300150,1,대지,대전광역시 동구 대전로815번길,대전광역시 동구 대전로815번길 3,301104292135,30110,동구
46,4725035000,공성면,26298516,엄마손식당,4725035021102890001076542,392,,,,47,경상북도,,,,Q,음식,Q01,한식,Q01A01,한식/백반/한정식,I56111,한식 음식점업,36.2831496720093,4725035021,공성면,경상북도 상주시 공성면 옥산리 290-3,4725035021202900003,290,3,128.091523507281,37267,742844,1,대지,경상북도 상주시 공성면 남상주로,경상북도 상주시 공성면 남상주로 392,472503311008,47250,상주시
47,4115052000,의정부2동,26298531,에스알에스KFC,4115010100104940000013268,80,센트럴타워,,의정부엔터점,41,경기도,,1,120,Q,음식,Q07,패스트푸드,Q07A04,패스트푸드,I56199,그외 기타 음식점업,37.7379678834912,4115010100,의정부동,경기도 의정부시 의정부동 494,4115010100204940000,494,,127.044076338479,11651,480941,1,대지,경기도 의정부시 시민로,경기도 의정부시 시민로 80,411503181060,41150,의정부시
48,4413356500,불당동,26298534,양파와춘장,4413310800111590000056641,19,,,,44,충청남도,,1,102,Q,음식,Q02,중식,Q02A00,중국음식/중국집,I56112,중식 음식점업,36.8031228861629,4413310800,불당동,충청남도 천안시 서북구 불당동 1159,4413310800211590000,1159,,127.110285449722,31164,331984,1,대지,충청남도 천안시 서북구 불당10길,충청남도 천안시 서북구 불당10길 19,441334550247,44133,천안시 서북구
49,4825056500,칠산서부동,26298535,엄니식당,4825011000104540000000001,30,,,,48,경상남도,,1,,Q,음식,Q01,한식,Q01A01,한식/백반/한정식,I56111,한식 음식점업,35.2234478164536,4825011000,흥동,경상남도 김해시 흥동 454,4825011000204540000,454,,128.858322395206,50963,621120,1,대지,경상남도 김해시 흥동로69번길,경상남도 김해시 흥동로69번길 30,482504805920,48250,김해시
50,4215034000,강동면,26298537,억수맛집,4215034028000120002048357,999,,,,42,강원도,,2,,Q,음식,Q01,한식,Q01A01,한식/백반/한정식,I56111,한식 음식점업,37.6858005048978,4215034028,강동면,강원도 강릉시 강동면 정동진리 12,4215034028200120000,12,,129.038795302735,25631,210824,1,대지,강원도 강릉시 강동면 헌화로,강원도 강릉시 강동면 헌화로 999,421503220051,42150,강릉시
51,2817055500,용현1.4동,26298548,에쿠스막창,2817010200100250002034003,487,,,,28,인천광역시,,1,,Q,음식,Q01,한식,Q01A01,한식/백반/한정식,I56111,한식 음식점업,37.4503161682537,2817010200,용현동,인천광역시 남구 용현동 25-2,2817010200200250002,25,2,126.666942032531,22209,402020,1,대지,인천광역시 남구 한나루로,인천광역시 남구 한나루로 487,281703151034,28170,남구
52,4812352000,중앙동,26298569,엘콘도르파사단란주점,4812312500100700008002694,14,오거리마트,,,48,경상남도,,2,,Q,음식,Q09,유흥주점,Q09A07,기타일반유흥주점,I56211,일반유흥 주점업,35.2272281155964,4812312500,중앙동,경상남도 창원시 성산구 중앙동 70-8,4812352000200700008,70,8,128.677288677056,51513,642844,1,대지,경상남도 창원시 성산구 원이대로580번길,경상남도 창원시 성산구 원이대로580번길 14,481234784215,48123,창원시 성산구
53,3017064000,둔산2동,26298577,엘프식당,3017011200110320000021402,227,,,,30,대전광역시,하,1,1048,Q,음식,Q01,한식,Q01A01,한식/백반/한정식,I56111,한식 음식점업,36.3531314976571,3017011200,둔산동,대전광역시 서구 둔산동 1032,3017011200210320000,1032,,127.378920330762,35229,302120,1,대지,대전광역시 서구 대덕대로,대전광역시 서구 대덕대로 227,301702010001,30170,서구
54,2871035000,양도면,26298580,어부가,2871035024108020003012744,1009,,,,28,인천광역시,,,,Q,음식,Q01,한식,Q01A11,두부요리전문,I56111,한식 음식점업,37.7005722304112,2871035024,양도면,인천광역시 강화군 양도면 인산리 802-3,2871035024208020003,802,3,126.409637070042,23055,417851,1,대지,인천광역시 강화군 양도면 중앙로,인천광역시 강화군 양도면 중앙로 1009,287103150025,28710,강화군
55,1129060000,안암동,26298586,엄마손,1129012500100150041040269,25,,,,11,서울특별시,,1,,Q,음식,Q01,한식,Q01A01,한식/백반/한정식,I56111,한식 음식점업,37.5874861262858,1129012500,안암동5가,서울특별시 성북구 안암동5가 15-41,1129012500200150041,15,41,127.029665321878,02842,136075,1,대지,서울특별시 성북구 인촌로27길,서울특별시 성북구 인촌로27길 25,112904121492,11290,성북구
56,4423039000,양촌면,26298588,양촌면한우영농조합법,4423039021103300005082993,478,,,,44,충청남도,,1,,Q,음식,Q01,한식,Q01A01,한식/백반/한정식,I56111,한식 음식점업,36.1398104738594,4423039021,양촌면,충청남도 논산시 양촌면 인천리 330-5,4423039021203300005,330,5,127.235435863342,33022,320853,1,대지,충청남도 논산시 양촌면 황산벌로,충청남도 논산시 양촌면 황산벌로 478,442303255041,44230,논산시
57,4113566500,구미1동,26298598,에스알에스코리아,4113511400100090001000001,151,분당엠코헤리츠,,,41,경기도,,1,,Q,음식,Q05,닭/오리요리,Q05A08,후라이드/양념치킨,I56193,치킨 전문점,37.3492788002539,4113511400,구미동,경기도 성남시 분당구 구미동 9-1,4113511400200090001,9,1,127.108260500088,13630,463808,1,대지,경기도 성남시 분당구 성남대로,경기도 성남시 분당구 성남대로 151,411352000005,41135,성남시 분당구
58,4313060500,달천동,26298603,어쭈구리,4313010900103360057009199,16,,,건대점,43,충청북도,,,,Q,음식,Q01,한식,Q01A01,한식/백반/한정식,I56111,한식 음식점업,36.9479148439373,4313010900,단월동,충청북도 충주시 단월동 336-57,4313010900203360057,336,57,127.90273003499,27478,380150,1,대지,충청북도 충주시 충열1길,충청북도 충주시 충열1길 16,431304515361,43130,충주시
59,2714065500,동촌동,26298609,엄마손김밥천국,2714010900109300109033425,38,,,,27,대구광역시,,1,,Q,음식,Q04,분식,Q04A01,라면김밥분식,I56194,분식 및 김밥 전문점,35.8899246270974,2714010900,입석동,대구광역시 동구 입석동 930-109,2714010900209300109,930,109,128.64697698783,41154,701866,1,대지,대구광역시 동구 동촌로,대구광역시 동구 동촌로 38,271403142010,27140,동구
60,4833052000,삼성동,26298610,언양생오리,4833010700102670006062167,1025,롯데칠성음료(주),,,48,경상남도,,1,,Q,음식,Q01,한식,Q01A01,한식/백반/한정식,I56111,한식 음식점업,35.3619365501614,4833010700,북정동,경상남도 양산시 북정동 267-6,4833010700202670006,267,6,129.040837464782,50571,626110,1,대지,경상남도 양산시 양산대로,경상남도 양산시 양산대로 1025,483302000032,48330,양산시
61,1135058000,월계3동,26298620,엄마떡집,1135010200103210000017193,372,월계사슴1단지아파트,,,11,서울특별시,320,1,101,Q,음식,Q08,제과제빵떡케익,Q08A03,떡전문,I56191,제과점업,37.6292397153214,1135010200,월계동,서울특별시 노원구 월계동 321,1135010200203210000,321,,127.059643455862,01905,139775,1,대지,서울특별시 노원구 월계로,서울특별시 노원구 월계로 372,113503107018,11350,노원구
62,1144069000,망원1동,26298628,언니네빈대떡앤드전,1144012300103840023013783,63,,,,11,서울특별시,,1,,Q,음식,Q01,한식,Q01A13,파전전문,I56111,한식 음식점업,37.553600882185,1144012300,망원동,서울특별시 마포구 망원동 384-23,1144012300203840023,384,23,126.909232664894,04018,121230,1,대지,서울특별시 마포구 동교로,서울특별시 마포구 동교로 63,114403112014,11440,마포구
63,4711365500,죽도동,26298635,엘토르,4711311600100470008133112,7,,1,,47,경상북도,,2,,Q,음식,Q09,유흥주점,Q09A01,호프/맥주,I56219,기타 주점업,36.0325189584443,4711311600,죽도동,경상북도 포항시 북구 죽도동 47-8,4711311600200470008,47,8,129.364807872366,37745,791841,1,대지,경상북도 포항시 북구 죽도로40번길,경상북도 포항시 북구 죽도로40번길 7-1,471134712404,47113,포항시 북구
64,4482533000,근흥면,26298647,어부수산,4482533028100040046002611,162,,,,44,충청남도,,,,Q,음식,Q03,일식/수산물,Q03A02,음식점-일식,I56113,일식 음식점업,36.6816578467284,4482533028,근흥면,충청남도 태안군 근흥면 신진도리 4-46,4482533028200040046,4,46,126.150294031289,32132,357945,1,대지,충청남도 태안군 근흥면 신진대교길,충청남도 태안군 근흥면 신진대교길 162,448254592187,44825,태안군
65,4511153000,풍남동,26298649,어떤날,4511110600100610001346033,42,마이플라워,,,45,전라북도,,,,Q,음식,Q12,커피점/카페,Q12A01,커피전문점/카페/다방,I56220,비알콜 음료점업,35.8175753519654,4511110600,경원동2가,전라북도 전주시 완산구 경원동2가 61-1,4511110600200610001,61,1,127.150295633522,55039,560022,1,대지,전라북도 전주시 완산구 경기전길,전라북도 전주시 완산구 경기전길 42,451114598019,45111,전주시 완산구
66,1111071000,숭인2동,26298653,엄마손식당,1111017500114000000001202,4,,,,11,서울특별시,하,1,,Q,음식,Q01,한식,Q01A01,한식/백반/한정식,I56111,한식 음식점업,37.5742347229413,1111017500,숭인동,서울특별시 종로구 숭인동 1400,1111017500214000000,1400,,127.022376888395,03116,110550,1,대지,서울특별시 종로구 난계로29가길,서울특별시 종로구 난계로29가길 4,111104100029,11110,종로구
67,4682034000,송지면,26298655,어란진,4682034028113810000000001,474,,,,46,전라남도,,,,Q,음식,Q01,한식,Q01A01,한식/백반/한정식,I56111,한식 음식점업,34.3509988921668,4682034028,송지면,전라남도 해남군 송지면 어란리 1381,4682034028213810000,1381,,126.473969651894,59063,536925,1,대지,전라남도 해남군 송지면 어란로,전라남도 해남군 송지면 어란로 474,468203294016,46820,해남군
68,4128553000,정발산동,26298656,엔돌핀,4128510300112880005007104,19,,6,,41,경기도,,1,,Q,음식,Q01,한식,Q01A99,기타고기요리,I56111,한식 음식점업,37.6707420745015,4128510300,정발산동,경기도 고양시 일산동구 정발산동 1288-5,4128510300212880005,1288,5,126.782027527333,10406,410830,1,대지,경기도 고양시 일산동구 일산로394번길,경기도 고양시 일산동구 일산로394번길 19-6,412854379165,41285,고양시 일산동구
69,4128559000,장항2동,26298658,어랑생선구이,4128510400107260001009438,1333,에스케이브로드밴드,,,41,경기도,,1,107,Q,음식,Q03,일식/수산물,Q03A11,갈치/생선구이,I56111,한식 음식점업,37.6639838202524,4128510400,장항동,경기도 고양시 일산동구 장항동 726,4128510400207260000,726,,126.76894499695,10366,410380,1,대지,경기도 고양시 일산동구 중앙로,경기도 고양시 일산동구 중앙로 1333,412853192094,41285,고양시 일산동구
70,2920060000,월곡1동,26298683,에스파,2920012800105470001001021,28,,9,,29,광주광역시,하,1,,Q,음식,Q09,유흥주점,Q09A01,호프/맥주,I56219,기타 주점업,35.1699349142298,2920012800,월곡동,광주광역시 광산구 월곡동 547-1,2920060000205470001,547,1,126.809528586052,62347,506054,1,대지,광주광역시 광산구 월곡중앙로33번길,광주광역시 광산구 월곡중앙로33번길 28-9,292004289513,29200,광산구
71,4148025000,문산읍,26298690,엄마네손칼국수,4148025022108900001000001,1719,,68,,41,경기도,,1,,Q,음식,Q04,분식,Q04A02,국수/만두/칼국수,I56194,분식 및 김밥 전문점,37.866959479374,4148025022,문산읍,경기도 파주시 문산읍 당동리 890-1,4148025022208900001,890,1,126.783623560273,10816,413902,1,대지,경기도 파주시 문산읍 방촌로,경기도 파주시 문산읍 방촌로 1719-68,414803206035,41480,파주시
72,3017055500,탄방동,26298692,엔피에스카페테리아카페삼십육점,3017010600106090000022395,6,국민연금공단대전지역본부,,,30,대전광역시,하,1,,Q,음식,Q12,커피점/카페,Q12A01,커피전문점/카페/다방,I56220,비알콜 음료점업,36.3448592460468,3017010600,탄방동,대전광역시 서구 탄방동 608,3017010600206080000,608,,127.38089104753,35261,302713,1,대지,대전광역시 서구 문정로,대전광역시 서구 문정로 6,301703166027,30170,서구
73,1135067000,상계5동,26298702,엘비에스단란주점,1135010500101690509002017,410,,,,11,서울특별시,,1,,Q,음식,Q09,유흥주점,Q09A07,기타일반유흥주점,I56211,일반유흥 주점업,37.6612728690595,1135010500,상계동,서울특별시 노원구 상계동 169-509,1135010500201690509,169,509,127.071185602005,01668,139200,1,대지,서울특별시 노원구 한글비석로,서울특별시 노원구 한글비석로 410,113503110009,11350,노원구
74,4611051000,용당1동,26298720,어촌생선찜전문전,4611010100110500029053429,19,,1,,46,전라남도,2,1,,Q,음식,Q01,한식,Q01A01,한식/백반/한정식,I56111,한식 음식점업,34.8049930087274,4611010100,용당동,전라남도 목포시 용당동 1050-29,4611010100210500029,1050,29,126.393119407005,58652,530360,1,대지,전라남도 목포시 영산로257번길,전라남도 목포시 영산로257번길 19-1,461104643513,46110,목포시
75,4812353000,상남동,26298736,양치기소년,4812312700100920002026690,24,종로엠스쿨,,,48,경상남도,,,106,Q,음식,Q01,한식,Q01A01,한식/백반/한정식,I56111,한식 음식점업,35.2167904342552,4812312700,상남동,경상남도 창원시 성산구 상남동 92-2,4812312700200920002,92,2,128.685176450752,51502,642829,1,대지,경상남도 창원시 성산구 동산로65번길,경상남도 창원시 성산구 동산로65번길 24,481234784072,48123,창원시 성산구
76,4272025000,홍천읍,26298740,얼큰이닭발,4272025029104710001018867,4,,,,42,강원도,,,,Q,음식,Q01,한식,Q01A01,한식/백반/한정식,I56111,한식 음식점업,37.6809392512974,4272025029,홍천읍,강원도 홍천군 홍천읍 연봉리 471-1,4272025000204710001,471,1,127.875863681211,25146,250930,1,대지,강원도 홍천군 홍천읍 연봉서로2길,강원도 홍천군 홍천읍 연봉서로2길 4,427204475476,42720,홍천군
77,4146359000,보정동,26298755,에스프레소비비안,4146311800112650002023427,50,센타프라자,,,41,경기도,,,301,Q,음식,Q12,커피점/카페,Q12A01,커피전문점/카페/다방,I56220,비알콜 음료점업,37.3202817738543,4146311800,보정동,경기도 용인시 기흥구 보정동 1265-2,4146311800212650002,1265,2,127.114244540437,16898,446858,1,대지,경기도 용인시 기흥구 죽전로,경기도 용인시 기흥구 죽전로 50,414633204055,41463,용인시 기흥구
78,2641061000,장전2동,26298759,어린왕자포차,2641010800104250002001401,46,탁마루,4,,26,부산광역시,,,,Q,음식,Q09,유흥주점,Q09A01,호프/맥주,I56219,기타 주점업,35.2298320872955,2641010800,장전동,부산광역시 금정구 장전동 425-2,2641061000204250002,425,2,129.083869520141,46288,609390,1,대지,부산광역시 금정구 부산대학로63번길,부산광역시 금정구 부산대학로63번길 46-4,264104205206,26410,금정구
79,4511361100,우아1동,26298776,어머나유흥주점,4511311500107480020019930,5,월궁모텔,,,45,전라북도,,1,,Q,음식,Q09,유흥주점,Q09A10,룸살롱/단란주점,I56211,일반유흥 주점업,35.8468114004559,4511311500,우아동3가,전라북도 전주시 덕진구 우아동3가 748-20,4511311500207480020,748,20,127.155054042639,54910,561825,1,대지,전라북도 전주시 덕진구 도당산2길,전라북도 전주시 덕진구 도당산2길 5,451134601076,45113,전주시 덕진구
80,4215054000,옥천동,26298793,어머니감자탕,4215010900103270000014118,2181,,,,42,강원도,,1,,Q,음식,Q01,한식,Q01A05,해장국/감자탕,I56111,한식 음식점업,37.7601786746505,4215010900,옥천동,강원도 강릉시 옥천동 327,4215010900203270000,327,,128.903293800454,25552,210933,1,대지,강원도 강릉시 경강로,강원도 강릉시 경강로 2181,421503000145,42150,강릉시
81,2671025300,장안읍,26298799,엄마손실비,2671025321101890003009110,18,,,,26,부산광역시,,,,Q,음식,Q01,한식,Q01A01,한식/백반/한정식,I56111,한식 음식점업,35.3126321849842,2671025321,장안읍,부산광역시 기장군 장안읍 좌천리 189-3,2671025321201890003,189,3,129.24312583646,46033,619953,1,대지,부산광역시 기장군 장안읍 좌천5길,부산광역시 기장군 장안읍 좌천5길 18,267104220259,26710,기장군
82,4812151000,의창동,26298806,어머니밥상,4812110400101210003019585,3,청원공인중개사,,,48,경상남도,,1,,Q,음식,Q01,한식,Q01A01,한식/백반/한정식,I56111,한식 음식점업,35.2653966820355,4812110400,소답동,경상남도 창원시 의창구 소답동 121-3,4812110400201210003,121,3,128.626565256422,51198,641835,1,대지,경상남도 창원시 의창구 읍성로79번길,경상남도 창원시 의창구 읍성로79번길 3,481214781497,48121,창원시 의창구
83,4182031000,설악면,26298817,에델바이스더츠굿,4182031035103040000000001,226,,57,,41,경기도,31,1,,Q,음식,Q06,양식,Q06A01,정통양식/경양식,I56114,서양식 음식점업,37.6680045659174,4182031035,설악면,경기도 가평군 설악면 이천리 304-2,4182031035203040002,304,2,127.447226221245,12468,477855,1,대지,경기도 가평군 설악면 다락재로,경기도 가평군 설악면 다락재로 226-57,418203216007,41820,가평군
84,2671025000,기장읍,26298827,언덕집,2671025021103940010003958,362,옹심이칼국수,,,26,부산광역시,,,,Q,음식,Q01,한식,Q01A01,한식/백반/한정식,I56111,한식 음식점업,35.2498765213158,2671025021,기장읍,부산광역시 기장군 기장읍 동부리 394-10,2671025021203940010,394,10,129.214158608871,46056,619905,1,대지,부산광역시 기장군 기장읍 차성로,부산광역시 기장군 기장읍 차성로 362,267103140052,26710,기장군
85,4115059000,가능1동,26298845,에센브로제과,4115011000106020017009372,200,,,,41,경기도,,1,604,Q,음식,Q08,제과제빵떡케익,Q08A01,제과점,I56191,제과점업,37.7507161994825,4115011000,가능동,경기도 의정부시 가능동 602-17,4115011000206020017,602,17,127.033994517251,11676,480100,1,대지,경기도 의정부시 의정로,경기도 의정부시 의정로 200,411503181037,41150,의정부시
86,4146136000,양지면,26298850,양지주점,4146136021109070000032011,1,신원아침도시아파트,,,41,경기도,,,103,Q,음식,Q09,유흥주점,Q09A02,소주방/포장마차,I56219,기타 주점업,37.2347065413302,4146136021,양지면,경기도 용인시 처인구 양지면 양지리 907,4146136021209070000,907,,127.285175052635,17158,449823,1,대지,경기도 용인시 처인구 양지면 교동로,경기도 용인시 처인구 양지면 교동로 1,414613203013,41461,용인시 처인구
87,2820071000,논현고잔동,26298864,얼큰이식당,2820011100107060003014324,19,,,,28,인천광역시,,1,1,Q,음식,Q01,한식,Q01A01,한식/백반/한정식,I56111,한식 음식점업,37.3937285714564,2820011100,고잔동,인천광역시 남동구 고잔동 706-3,2820011100207060003,706,3,126.681180560209,21699,405821,1,대지,인천광역시 남동구 남동서로,인천광역시 남동구 남동서로 19,282003153009,28200,남동구
88,5013053000,중앙동,26298867,어울림소주타운,5013010100102770005031044,24,백일홍,,,50,제주특별자치도,,1,,Q,음식,Q09,유흥주점,Q09A01,호프/맥주,I56219,기타 주점업,33.2499902665105,5013010100,서귀동,제주특별자치도 서귀포시 서귀동 277-5,5013010100202770005,277,5,126.562826498914,63591,697842,1,대지,제주특별자치도 서귀포시 중정로61번길,제주특별자치도 서귀포시 중정로61번길 24,501304850836,50130,서귀포시
89,4825052000,회현동,26298871,양지카페,4825010200102580001088342,10,,3,,48,경상남도,,1,,Q,음식,Q09,유흥주점,Q09A08,빠/카페/스탠드빠,I56211,일반유흥 주점업,35.2308670359667,4825010200,서상동,경상남도 김해시 서상동 258-1,4825010200202580001,258,1,128.880811703433,50920,621030,1,대지,경상남도 김해시 가락로49번길,경상남도 김해시 가락로49번길 10-3,482504805023,48250,김해시
90,4146154000,동부동,26298878,업타운에스프레소인터네셔널코리아,4146110700105820003009158,33,,,,41,경기도,,1,,Q,음식,Q12,커피점/카페,Q12A01,커피전문점/카페/다방,I56220,비알콜 음료점업,37.2302928858121,4146110700,마평동,경기도 용인시 처인구 마평동 582-3,4146110700205820003,582,3,127.214332615154,17145,449929,1,대지,경기도 용인시 처인구 동부로,경기도 용인시 처인구 동부로 33,414613203033,41461,용인시 처인구
91,2818563000,옥련1동,26298879,에이스,2818510100105610008219387,26,,,,28,인천광역시,하,1,,Q,음식,Q09,유흥주점,Q09A10,룸살롱/단란주점,I56211,일반유흥 주점업,37.4169590506112,2818510100,옥련동,인천광역시 연수구 옥련동 561-8,2818510100205610008,561,8,126.652565440348,21945,406050,1,대지,인천광역시 연수구 대암로22번길,인천광역시 연수구 대암로22번길 26,281854256037,28185,연수구
92,2914075200,상무2동,26298883,어매전집,2914011800112260007008585,7,,1,,29,광주광역시,,1,,Q,음식,Q09,유흥주점,Q09A01,호프/맥주,I56219,기타 주점업,35.1457382824803,2914011800,쌍촌동,광주광역시 서구 쌍촌동 1226-8,2914011800212260008,1226,8,126.866485357564,61994,502855,1,대지,광주광역시 서구 화정로85번길,광주광역시 서구 화정로85번길 7-1,291404280544,29140,서구
93,2826059000,가좌2동,26298885,어진내뼈다귀,2826011200102450006009238,7,,,,28,인천광역시,,,,Q,음식,Q01,한식,Q01A01,한식/백반/한정식,I56111,한식 음식점업,37.4893125865625,2826011200,가좌동,인천광역시 서구 가좌동 245-6,2826059000202450006,245,6,126.682995824637,22820,404250,1,대지,인천광역시 서구 장고개로287번길,인천광역시 서구 장고개로287번길 7,282604268647,28260,서구
94,4117152000,안양2동,26298889,어썸빈,4117110100108610032011441,284,마인빌,,,41,경기도,,1,101,Q,음식,Q01,한식,Q01A01,한식/백반/한정식,I56111,한식 음식점업,37.4050384130763,4117110100,안양동,경기도 안양시 만안구 안양동 861-32,4117110100208610032,861,32,126.9193192789,13991,430010,1,대지,경기도 안양시 만안구 만안로,경기도 안양시 만안구 만안로 284,411713182003,41171,안양시 만안구
95,4822034000,광도면,26298891,어민회센터내성공화로,4822034024115740046000001,82,,,,48,경상남도,,,10,Q,음식,Q03,일식/수산물,Q03A02,음식점-일식,I56113,일식 음식점업,34.8816337622048,4822034024,광도면,경상남도 통영시 광도면 죽림리 1574-46,4822034000215740046,1574,46,128.422308992045,53015,650829,1,대지,경상남도 통영시 광도면 죽림3로,경상남도 통영시 광도면 죽림3로 82,482203333029,48220,통영시
96,4163052000,양주2동,26298894,양푼애갈비,4163010600106790001000001,77,다우빌딩,,,41,경기도,,,,Q,음식,Q01,한식,Q01A01,한식/백반/한정식,I56111,한식 음식점업,37.7913159297801,4163010600,광사동,경기도 양주시 광사동 679-1,4163010600206790001,679,1,127.080153278835,11491,482030,1,대지,경기도 양주시 고읍남로191번길,경기도 양주시 고읍남로191번길 77,416304436076,41630,양주시
97,4128158000,창릉동,26298901,어락,4128111300103610141003405,136,,14,,41,경기도,,1,,Q,음식,Q01,한식,Q01A01,한식/백반/한정식,I56111,한식 음식점업,37.6252134954124,4128111300,용두동,경기도 고양시 덕양구 용두동 361-141,4128111300203610141,361,141,126.891670209135,10548,412110,1,대지,경기도 고양시 덕양구 용두로47번길,경기도 고양시 덕양구 용두로47번길 136-14,412814376164,41281,고양시 덕양구
98,2824562200,작전2동,26298903,어머수산,2824510300108570041100352,14,,,,28,인천광역시,,1,,Q,음식,Q03,일식/수산물,Q03A02,음식점-일식,I56113,일식 음식점업,37.5352899065017,2824510300,작전동,인천광역시 계양구 작전동 857-41,2824510300208570041,857,41,126.72634839362,21087,407060,1,대지,인천광역시 계양구 주부토로459번길,인천광역시 계양구 주부토로459번길 14,282454265438,28245,계양구
99,4163025000,백석읍,26298909,어수정국수집,4163025022103550002042920,1404,,,,41,경기도,,,,Q,음식,Q01,한식,Q01A01,한식/백반/한정식,I56111,한식 음식점업,37.8079092297175,4163025022,백석읍,경기도 양주시 백석읍 오산리 355-2,4163025022203550002,355,2,126.97911413138,11503,482835,1,대지,경기도 양주시 백석읍 권율로,경기도 양주시 백석읍 권율로 1404,416303212007,41630,양주시
